1.5314137094887446e-14
5.732726817516593e-14
1.9810087980370995e-13
6.319285885126402e-13
1.8608271923248325e-12
5.058252742794995e-12
1.2692624997351617e-11
2.940077739249627e-11
6.28669831624377e-11
1.240917381567867e-10
2.2610988906862165e-10
3.8032308528395593e-10
5.905303998874576e-10
8.464245923519755e-10
1.119929612038571e-09
1.3678851170923804e-09
1.5422861628482913e-09
1.6052280551856116e-09
1.5422861628591402e-09
1.367885117111625e-09
1.1199296120622169e-09
8.464245923757948e-10
5.905303999082297e-10
3.8032308530000655e-10
2.2610988907972092e-10
1.2409173816352794e-10
6.2866983166041e-11
2.9400777394238015e-11
1.2692624998119193e-11
5.0582527431059215e-12
1.8608271924406434e-12
6.319285885520142e-13
1.9810087981585253e-13
5.732726817856656e-14
1.5314137095756973e-14
3.77641971319722e-15
8.596554538784482e-16
1.8064461966408046e-16
3.50414509619979e-17
6.274737640980594e-18
1.0372071559334867e-18
1.5826754961520464e-19
2.229331712176339e-20
2.8987712865355495e-21
3.4794423820361277e-22
3.8553320526753156e-23
3.943395806308559e-24
3.7233631218093487e-25
3.245314999970866e-26
2.6111676867433297e-27
1.750318043975822e-27
9.774700938087699e-27
5.039024026708358e-26
2.3979814592999566e-25
1.053420229453663e-24
4.271829679547897e-24
1.5991258542408048e-23
5.525960833752009e-23
1.762744634606351e-22
5.190718079267372e-22
1.4109834631510296e-21
3.540567244441506e-21
8.201253044095353e-21
1.7536544362470566e-20
3.461499441737687e-20
6.307263210339029e-20
1.0608991113736332e-19
1.6472657083455862e-19
2.3610743933744253e-19
3.124007919029757e-19
3.815671888830562e-19
4.3021580413335266e-19
4.4777324417183015e-19
4.3021580413738465e-19
3.81567188890184e-19
3.1240079191152396e-19
2.361074393456596e-19
1.6472657084136012e-19
1.0608991114233698e-19
6.307263210664392e-20
3.461499441929507e-20
1.753654436349382e-20
8.201253044590502e-21
3.5405672446593675e-21
1.4109834632382326e-21
5.190718079584966e-22
1.7627446347115239e-22
5.525960834068519e-23
1.5991258543275572e-23
4.2718296797670166e-24
1.0534202295044936e-24
2.397981459406704e-25
5.0390240269078595e-26
9.774700938416215e-27
1.7503180440233305e-27
2.8932562671017444e-28
4.4148227977701105e-29
6.218649679373126e-30
8.086030012093973e-31
9.705793505389495e-32
1.7260344189430814e-31
4.5443763553061914e-30
1.1022970298238047e-28
2.465769613503403e-27
5.092571266018404e-26
9.722724647372497e-25
1.718105401338853e-23
2.813562043569481e-22
4.2747536075533626e-21
6.031982195431853e-20
7.911438235351544e-19
9.649269984690754e-18
1.094258053364614e-16
1.1525285600044721e-15
1.1245722685529597e-14
1.0132495445547402e-13
8.40314114758378e-13
6.392300799271052e-12
4.445522336609284e-11
2.8202749750974065e-10
1.6317517071738099e-09
8.62558517277706e-09
4.17912380104939e-08
1.862654469804713e-07
7.662603924127133e-07
2.9144347695728283e-06
1.0133065663023166e-05
3.1828098729761895e-05
9.061383432153448e-05
0.00023531582854926698
0.00056022285832575
0.0012277909974230939
0.0024860622689484987
0.004666336600338758
0.008146052616894904
0.01327170928246646
0.0202578193637737
0.02910290803039277
0.03957890899967846
0.05134625094444601
0.06423106029793613
0.07867886188483032
0.09529947772708519
0.11379531639040052
0.13312009611323733
0.15169634930242967
0.1672921962709715
0.17734652698090578
0.17955093494308413
0.1725402404501143
0.1564451037173415
0.13305834517667198
0.1054916204639739
0.07830536535648114
0.056687472677660104
0.04115526241971234
0.029442839929882614
0.020225662047516045
0.012982560113110437
0.0075774788162211145
0.003918607938125688
0.001759717290820072
0.0006825165864449523
0.00023236919891712605
7.156228835019327e-05
2.0402845408871556e-05
5.434235449877906e-06
1.355126964264692e-06
3.162119554232545e-07
6.893047313639843e-08
1.4007748263637716e-08
2.6477184593960537e-09
4.644334426230047e-10
7.542579785470084e-11
1.1315074258201784e-11
1.5643723802513067e-12
1.9888666247851808e-13
2.3205586189270506e-14
2.0540417319987645e-05
1.3054751348967555e-06
3.918280950826721e-08
5.200162024640625e-07
3.7287665534088696e-08
5.443064665144e-07
1.8878030765080443e-06
2.7210606037119634e-09
6.938225417517539e-18
3.2986226805932367e-24
7.739085507310144e-05
3.724489237735909e-15
2.626120955361061e-07
3.4373748646081786e-23
0.010464569520396854
1.9053736791416085e-05
1.8023660716574175e-07
0.0004878205929856262
1.7904054209205518e-08
1.0547096449624954e-09
2.220226667699045e-06
7.238051622701694e-07
0.0058392515889588185
3.3155369106022706e-06
7.281084697183273e-08
1.5994595987914413e-07
4.3767282674754666e-18
4.402602189612504e-23
0.0008428027247506623
9.805169779953044e-10
1.2012752618301148e-20
3.247756894745895e-06
3.0052308122326202e-34
6.02286899739453e-06
5.776732626260262e-10
5.52390092653226e-09
2.932905942687194e-05
6.970962493522941e-20
1.0497617394045231e-06
0.005268804324595592
1.8190063860911573e-18
1.4799669594892928e-22
4.8123856083319245e-15
0.0005335806668483847
2.1540200668751644e-06
1.4932320570078565e-08
6.065920848525964e-08
0.03853638229565316
2.645753943790918e-06
9.261276664754745e-13
4.902725013783414e-12
4.1557626937146507e-08
8.390736978246142e-13
1.6992768152025938e-05
0.002049186968839548
2.954241880078024e-07
0.0017446413603137913
1.1911363038840726e-18
5.400409766909712e-07
1.4742806599669587e-11
5.329429213522284e-07
1.3598542327074975e-16
0.01710733114623472
7.85450028743648e-07
6.123079723434657e-05
8.029494292156367e-13
1.7423605047088837e-12
1.7175091675933936e-15
2.703079161911e-06
3.118941809980708e-10
1.0328693699408492e-16
5.178123256020656e-06
2.610423013577728e-26
1.4944149095637775e-32
2.4625701509230943e-14
7.341112085083395e-18
1.5397650894925264e-07
1.0853649207777778e-05
4.669631877000391e-06
0.005946790919867385
6.118431577857812e-13
4.303715489778144e-18
4.325447916789631e-13
2.9136404201254124e-39
1.190957602054745e-15
7.454026299987174e-09
2.73597961334678e-09
0.002748271762614423
1.3641300657039423e-06
0.06058570541999153
5.898740160157951e-14
3.774861681982709e-14
1.3591030879332741e-08
0.013848680145413713
2.073765169611645e-24
1.2149849009591766e-19
2.444828834434365e-09
5.931665859051928e-07
0.0013674309486488793
0.016946716573156346
0.0006189887707339711
0.05658747251453825
7.344919203334645e-08
0.0023984657689957653
5.729616500351098e-17
8.87255467443037e-21
1.7478835749203102e-10
0.02769069464089849
4.0264241236960844e-20
2.867258918729417e-09
4.1526379098596547e-07
5.018235000235065e-26
0.04743069320988017
2.3794154119957763e-14
0.00019554521020777283
0.00014714131593505944
1.0445169059415171e-14
2.78241376858756e-15
2.0241879595940362e-15
3.832052977792834e-09
0.00018948945496446775
8.365049292684547e-17
4.3383079961227665e-12
7.91328105368725e-09
1.3071480660436991e-12
1.93052092958986e-10
0.0012118697908275317
3.1156102152290774e-05
0.02378401867235884
0.0009382670922467995
1.8550871282454715e-07
6.30958112115963e-34
0.0017522688857176223
9.339808804443584e-06
6.763646519697145e-19
1.1638305897854548e-27
3.7844949167933926e-13
2.108265792898183e-17
4.7598488925975406e-17
0.005960323965905204
0.013401171943276856
8.301031403335424e-08
9.740499908216256e-05
6.148394961475837e-13
1.8667800671655122e-06
7.913951436189556e-08
0.026253230629344856
7.336552453042989e-06
5.433307732655144e-13
1.8115935168927718e-07
3.195294400652634e-07
2.7491864218703427e-07
0.026770339733212183
2.4694334863239586e-19
2.2519350111874993e-06
0.013794939320890324
1.299364665357427e-05
7.987534665252565e-09
0.0015007347012081754
0.08893391497076476
0.04165994250466341
3.887324155533367e-14
2.1082628607734222e-26
0.02753026392949981
3.029399633069475e-05
0.00019473593100474346
3.1540886122510707e-09
2.3904266043735215e-08
2.9792200503441626e-15
4.7970411725331565e-09
0.001114435502313649
5.5559513391737056e-18
2.4476417381467994e-06
0.0004459465627408805
0.03818326565834743
0.0025315049142443156
7.087406891441722e-10
0.03746535742892481
7.548098943375173e-17
2.982206087673164e-10
0.03976243031684161
2.9865975068063706e-23
5.6227742397495485e-05
1.7382533869137195e-06
6.766776768781897e-08
0.008470816615097783
3.0743691902452672e-09
3.9887226947253764e-08
0.001242117471879854
0.025665856565104447
4.556771301122664e-06
0.018825153386757935
0.001154694451021688
4.1290934992611554e-24
7.948735807744329e-18
0.00011436317821575134
4.4181536400600955e-05
7.600859003925227e-08
2.5187801720637375e-05
1.087206019383476e-15
6.08332633065991e-08
1.1678356415291534e-07
1.8219728621523305e-06
6.730541789530051e-14
1.165779294693751e-20
1.030338369482073e-05
1.0625148018128066e-05
4.973367747274363e-07
3.66514303983414e-05
0.01428399613524001
2.1650463558914429e-13
0.0055120162243037845
1.9903395287489662e-08
4.833281561200641e-12
0.05443327115201864
5.791998392164726e-06
4.2992372390898083e-19
6.121548430256959e-06
1.1518674329510607e-08
0.022378638227852188
1.277257868612074e-09
2.4068401374678227e-14
0.009394373758416749
1.7297731022200384e-17
7.843918459560355e-19
0.020209579619393646
0.05915314641555905
2.2962220841238264e-22
3.254473536306063e-08
5.7435903251330815e-15
5.877368854335483e-18
4.895980538847516e-18
0.07395130369205992
9.115269419762254e-08
1.6325071656886797e-14
1.4881327662777383e-25
0.06041463780364231
3.248212883715506e-19
1.3965105108200972e-06
1.574383933542503e-20
0.008747707820929434
4.0030345407089786e-05
2.9358803113990815e-19
4.484388031710816e-08
4.1389205674916154e-06
1.4742409352270252e-14
1.5814548006289967e-21
0.008775945046642405
2.4748608344802787e-33
0.19017586810793763
6.136419756847278e-09
1.2330378006900734e-31
0.02356847681864297
0.007599799269203666
8.477121980386276e-20
0.0005906764205430255
1.281414911735949e-13
6.605893577216967e-28
6.839438211056249e-15
9.393527505369379e-22
4.5985102794347336e-07
2.4453679569668334e-13
0.006214768711480841
0.0394082838986199
0.0018215239444764662
0.03401173801869276
2.7116975461552366e-10
0.0017565141203610213
0.0026715697520227955
0.014005760104216726
0.0005954040278427143
0.02981092904905858
0.029373727822108908
2.83726655888028e-11
0.7705882780598065
2.9573549954080443e-14
0.07389670173586166
0.05982447762552298
3.118999815607304e-17
2.6130233452940498e-20
2.262614613373725e-09
0.00011310820710281426
2.7623925307709885e-05
3.432681356112726e-27
0.0014169781118781206
0.10192524611096132
0.11354137671282263
6.202777887590259e-09
1.7063548348761735e-22
0.0001330775425192225
0.020374283765602276
0.00013684244663837228
0.06677783630486717
6.5446798563161855e-09
1.362843272370222e-21
2.2507605669265414e-06
0.03955173249965746
0.0002669187155278949
0.002583339070192724
0.09394387057376098
0.006200286970085943
0.0034188880530601003
2.664563198292516e-05
2.0219787891612028e-16
1.570344718118351e-08
0.026928198660542222
1.5184518955293508e-07
3.519161753465736e-07
0.008149281036808403
0.7121759462423809
0.5350878769362387
0.08095907133495955
0.608018174936599
1.1337747141727924e-07
5.361446601880765e-07
3.2151585676309724e-08
0.6399793495426038
0.0037773487195664
0.052512997715111
1.2365898151718885e-17
1.9018675500410332e-08
0.47310909964204895
0.016383609654636425
0.3199744900828199
6.107568975254778e-05
0.4295489121952437
0.03290893609383942
0.40519796046250967
2.1008161524077035e-05
0.3740235422338545
0.29975941564239056
6.117661606165651e-05
0.06925018950472328
0.023149028500740087
0.21305650952228306
0.05122426218708673
0.15377155437563741
0.25578537899374565
0.21385852011489823
0.14940727634897444
0.26435518334615143
0.02942969382060169
2.114745266599944e-09
0.17828848283114312
4.951273939134586e-15
0.2203628368039487
0.23200066064112443
0.020752878377052034
0.25392572231061855
0.19936148885019384
0.010011837241516677
7.817477669421367e-15
0.0032458635004123
0.006136815498862855
0.1364421861099225
0.1714213486933299
0.028568799165033843
0.2252816884115748
0.012451263797441346
1.2241789546424081e-24
4.0606345582279683e-14
0.0788320088605414
8.672019120503711e-06
0.012726512738861327
8.190499181434698e-08
4.7315142888420913e-07
2.2909169527385838e-14
0.006816539925161891
4.082477106051881e-05
0.18466164916644906
0.014890476931840752
0.0021894516184429945
0.01405408070604794
4.2694324985064074e-07
0.006192794364324117
0.10074910535239195
1.5741042633505823e-05
3.8309580979063444e-13
0.0008235839365162498
0.1406085608535506
0.09941222755075817
0.0029774547368015573
1.144094718868079e-07
0.005266142518373446
0.014459895479529805
7.022888375813876e-15
0.05471960411983853
1.4611925403409861e-05
2.5833973002627723e-05
9.64724310343205e-07
0.020076161704434884
0.4590604904423919
0.006118759260802737
0.35098786832991186
0.022442390863586757
0.05435553232751911
0.03504579486630335
1.840730884525707e-08
0.5478118908876414
0.00012083614393215316
2.5058913957996158e-05
0.4677870265231039
1.3354499790867662e-13
0.0003527575109000764
0.012531315684473097
8.327849914385887e-05
0.018721902304736544
0.7043622532495213
0.00012660393630204328
0.006306590733414429
3.819848103264472e-05
7.757861619946048e-14
1.1025005578366932e-20
0.012249402499932264
3.251731532075042e-20
1.4325309582928952e-21
0.015859374399659436
0.008009658739171142
1.4110236309098637e-05
0.012882239589442799
0.007541088706456576
0.02534124696324669
0.09367686995178932
5.16114075019746e-14
0.003790833280491686
3.0437954569785444e-23
0.009112765222062199
0.0065337125236036
0.0138384856977488
5.096813468307454e-13
0.020511537360135407
1.2992601418704143e-14
0.0020711029468004185
4.561226009624349e-06
8.290492683349657e-12
1.0850129480173834e-06
0.03639446909396588
0.0013398730251129257
0.002473259494475221
0.009571472199059022
0.018585076768071307
1.661317332622778e-05
0.007717434873281075
1.0962559497489764e-08
5.51045430803842e-15
0.0070822225343568695
1.708464613471704e-08
0.014001210547573474
9.057964863197494e-14
0.005456797788420715
0.0009149829228519493
9.685813190716499e-15
2.123664549378851e-13
1.7014354792386534e-05
2.7013143234812735e-27
1.4104276001357764e-05
0.001063581977561997
8.424775660639031e-10
0.020159914426089914
4.961671306085795e-07
1.05625846815541e-11
0.0005363878297148046
3.942912322397541e-12
2.3317729065624192e-08
0.010417258491626726
0.0009916848819228068
0.0641685654350275
2.3217975560184107e-07
0.0077212054422903294
5.533215510102538e-20
0.0101265702670357
0.0008135036257364059
0.016135533352951904
1.0646475681686323e-07
1.099114773040024e-25
1.8820320858365336e-09
0.00016274540783194042
0.00011462075380819532
1.1217432837318575e-05
0.02712665959777562
0.16209288483664275
0.11916519083988464
0.0006945373047502909
7.988348360650663e-06
0.005721518834315726
0.3465418186076855
0.041811237757409955
0.30329218010243714
3.1743006419840685e-11
0.00015187727200456378
7.28837960401406e-06
5.240230388031862e-06
0.004255972157170758
7.045981359666626e-06
0.2505481164067525
1.138558862140516e-12
0.00024886647869295017
3.748227145036834e-05
6.476149798075942e-09
0.009514326128943054
4.069011938432618e-06
0.010330234893227524
1.0488067428931605e-05
0.09546843230020755
0.06546283636044234
0.04436258809010103
0.007260753680344134
7.484761075371348e-10
2.9022510367605356e-06
2.1618550044712213e-07
5.553270646362166e-25
0.002340091528991019
9.94481134878705e-05
0.004891785927022832
9.809878987524037e-13
0.005562121267178791
5.681621285895637e-05
1.2438615206056048e-13
0.00027943231012262076
3.6584868331575348e-06
8.593614437215854e-07
6.25913024312332e-07
2.850043128998866e-11
0.004165981067962037
2.7018908848989725e-06
3.019144252546997e-19
2.8874847298070368e-05
6.785844315374758e-05
7.571265485992455e-14
0.0002451210977432806
1.1732588730449491e-06
1.0872452175488076e-05
1.7681238062503023e-07
0.011785175371546589
3.5740235194174576e-09
0.011138193789430543
0.008702491624442601
5.9190426564668e-10
1.8772235682503244e-07
3.030030715712474e-07
1.3489708424647679e-18
4.432915417809504e-28
0.0002062130900459693
0.0007128881195260905
0.6411084981846041
0.0004526018660225143
6.117423827022096e-06
1.7503824827688693e-08
0.004799089635926084
0.0032946782768116262
0.20362449430495605
1.5917532178131078e-10
1.837862628390825e-20
0.0006867795510353683
0.025743832719166332
7.283541827709653e-07
0.1977076515942052
0.0022222428699721322
0.3370281758081938
0.00012261392638083604
0.0013576714902526084
0.0027786031912074628
0.000829307768719494
1.5879757873950835e-10
6.159058317721818e-10
3.96280168676163e-05
4.451756139810633e-10
1.233780210119694e-10
6.889223472775028e-21
3.8662096013671514e-06
0.34377826658827576
2.5845890100397927e-13
0.00016226409783185388
1.715902190240144e-06
7.489873921042517e-27
0.00046015532827005113
4.321781615458762e-12
4.674770155333806e-06
1.0811377921974231e-05
8.041809467935602e-06
4.9104172477076224e-05
7.018095237598156e-11
1.2751304545116526e-07
0.0004694424361871457
0.0004411984352789838
8.042786700228461e-16
0.3514639565018569
1.0331812103956863e-32
7.249896868765859e-06
2.6194314403034533e-11
0.20118460382759307
6.977274553087537e-06
1.868286054752306e-05
3.77544541071226e-09
2.8923608226008553e-07
2.7568576729015323e-06
9.43983743166037e-32
3.052769309548902e-11
7.199241502255793e-13
6.509127214914824e-28
7.194405530785097e-07
0.0007737200872704596
1.3928028575287538e-10
4.035132342118617e-10
3.467878150481372e-05
0.0012136146071862403
0.0018170107348194381
1.5780329812912384e-07
0.0007054357318368034
3.9255075353782726e-05
2.8182946950536004e-08
0.003669017957591944
0.00032303621537268015
1.2704551749497416e-09
4.907745129397759e-15
9.776260901548507e-07
3.6202660080027637e-06
0.0031695732926851974
6.475042431814621e-05
0.005162290628971673
1.0289336290487945e-06
1.9179150082846627e-18
1.6088079155072703e-05
0.2843778879896323
1.2165938489962978e-15
0.34402219477749657
0.3422542556880975
0.0002867084961824692
0.0003451978648357544
8.145725430666559e-15
0.011908425116026359
1.031913087003651e-15
1.840844053573854e-06
0.5191972380824909
1.3094971059639937e-16
2.5381799565944216e-24
0.00015918555223303526
1.579423834963977e-23
1.2340643298632395e-05
2.8166423413581198e-14
0.001498287598544128
0.5552076625474909
0.0006398384383609152
9.359944947443923e-06
2.804342104976248e-06
4.803255147125693e-12
0.0001642755014772723
0.00010361885578325185
0.5508493874525311
3.881664697142921e-12
1.519720620895093e-09
0.5731454630078882
0.2041755261852139
3.588946409254752e-13
3.690372330501555e-20
9.4930616883509e-28
0.00029252020415800284
3.462552401894678e-11
9.860868069493707e-15
9.161742142609307e-17
9.92523147272309e-10
4.6941384947537743e-29
4.302872484633332e-09
0.6995704910215802
2.6366637347888275e-10
4.283137047013634e-08
0.005138387699836606
3.069100621317222e-07
9.689698797959948e-07
0.013822242598373941
0.020646896822963067
0.010781233733889123
1.1745746014372575e-11
1.1388027932405692e-21
8.48289184043712e-06
0.0007924304396750073
0.021791134489487402
0.0006158592386595391
0.0006333355966020301
0.05399373077517593
0.00045985881278851407
0.00015497230180030493
4.594963171438879e-22
0.019598581660156825
2.7248347804425683e-10
4.296153826543519e-14
2.8176457051973235e-06
7.072901566889106e-07
1.1988291769865834e-15
0.1002942525436721
7.65781218084406e-06
0.00040873449792905515
6.497084771573928e-16
1.74040548282921e-07
7.210793068308118e-19
5.145295345243501e-07
3.860744642264687e-06
2.592634788759779e-16
0.5854921686734159
0.0006118038146993716
6.4195980582776505e-06
0.0002088621676056312
2.9675966890795672e-06
2.4265307849014974e-06
3.8855503715508447e-10
0.00031954389438680744
5.710705215024398e-10
0.0004456587892153163
2.173394372248384e-18
4.450699180380548e-19
2.7367115136917675e-10
4.822197106744269e-05
0.10908785236883725
0.0008367200097244134
7.148637461129576e-13
1.8521711629734063e-16
0.13084995621999937
2.401287545459012e-08
1.5193388921326742e-11
0.0009331350071396176
1.3012473716530746e-06
0.0002962376114395437
3.724985793263719e-07
0.3214686966575825
2.7314035311335034e-06
1.5962350508654326e-17
3.099813007314593e-07
1.3643581381812847e-10
3.4798617354163754e-16
0.06009303800237265
0.05247921224951134
4.508944699173054e-10
0.0005462866000885681
4.506315660976104e-17
1.467299732223068e-25
2.6112362905173407e-10
0.1344370206198045
0.006735002186183419
2.4333793869584214e-16
9.636314731870446e-17
0.0003557403976347119
2.6180228330328186e-17
8.664228280006633e-17
3.86195073170655e-07
0.005951791756402357
8.85619480166043e-19
0.14042017468923162
3.308750135161396e-10
3.83279342312322e-12
0.5238207037293674
0.048612859847273156
1.5683748342617858e-06
0.000452139428830548
0.0003293681679097581
1.205796101778245e-16
0.00024401318314994287
8.620229272343993e-05
6.519182252851201e-10
2.4956987622712126e-16
9.876849001372846e-06
0.43834224699992175
0.05460107528585657
2.4585963497450524e-18
1.8691578596998517e-05
0.03545461728341793
7.387255430528036e-09
0.00029395799642312355
1.2727740179241158e-26
7.043096373229415e-16
0.00048509607868105675
6.447188438195275e-10
3.037027665470869e-05
9.558163343829451e-09
0.003310422156237724
1.4103320972331666e-15
0.0004863908905895523
0.0003451153229682832
7.206454985379191e-07
0.2770811907548013
1.7274057711361898e-05
4.299205011519368e-06
4.453920755922462e-09
6.772986628967868e-19
1.139287855470041e-09
5.334230995957936e-11
5.196916291450514e-05
5.180347179202892e-24
1.8222676309971572e-15
5.408500012055239e-05
0.03608157852533053
0.006550698487182729
0.0048712018676128855
6.926339773055812e-13
5.813492254822576e-06
4.2031383794398724e-17
2.409415651571444e-06
0.004530907489116045
5.54009637264093e-16
3.010730883763537e-14
0.10696436533179289
1.3464605589564391e-06
9.399425386909344e-05
5.329742347796155e-16
0.0002715167024024844
2.5565795235607818e-12
5.975431256477888e-18
1.8008927867618844e-15
9.375513391987605e-16
0.07699907872903775
0.0001281042234559281
1.2752881230462284e-05
6.214357053208213e-08
4.2609834607505234e-14
4.590529346696544e-11
7.458426129200417e-11
1.2424083448810559e-15
0.8082420444475844
1.8148367573971908e-21
3.3214370878366314e-06
5.233402958923025e-08
0.028351837758559026
1.4282528391822535e-08
0.00019009560870980607
3.192272359217651e-24
0.033712407381721314
0.7452688979666979
1.7966478301262504e-11
2.578638355635005e-18
2.0423605468529333e-10
4.1457421871909334e-11
0.005422099580625248
0.1107603727301185
0.005139915493476009
0.7821695451364955
0.046172735343311
0.7216292608714833
1.9458822456034102e-11
0.38510318925752607
1.8490163680566404e-07
0.1671596816297141
0.21110895443410735
0.0004446760580083012
0.0003951828391368428
0.07496612877392883
0.000752771604462069
0.14209389287821098
0.00015694738679683436
0.26680994788711565
4.8026544415593434e-20
6.173541613450314e-12
0.0037465428652205023
0.0016710724718864553
6.515325094372119e-07
0.05691927208244696
1.7736095593725802e-15
5.320468015662408e-16
0.29585588618553843
3.3639587012793923e-23
1.930138392891678e-27
0.0831807782032282
3.300117186543763e-09
9.279595514575976e-11
1.2729598594967599e-08
2.4056208621100173e-06
0.7500546980746124
0.8944779969262695
1.3477562037259773e-09
4.277692788636825e-06
0.0031876057476781044
2.4235691608609488e-08
2.9894051122954657e-08
0.012287449671155411
1.6259679104581975e-08
2.218414619092642e-09
3.967932736427758e-06
1.0756468640304936e-11
0.11506454907007213
1.0877672865528469e-07
0.0001819614919998309
3.3493000711531466e-07
0.19266916128721348
0.10791178969209049
1.4320404278171182e-08
1.3688187280532887e-05
8.59222932465125e-10
5.621886610482367e-09
0.8549545362024331
0.00016581053418964015
1.441095223737362e-15
9.659915119098394e-09
0.0180585579642816
1.1282328434433632e-10
0.005582414116758995
1.3185620658954598e-06
1.4362958510102728e-08
2.6391075693775476e-08
8.34460268641097e-09
0.9273060979278258
7.002978524153961e-11
0.0029495559861340537
4.537314685636116e-09
2.604217682340412e-11
0.718281439709638
0.0005487492024017188
2.4428910780763115e-09
0.00024266723836059747
3.699736178401955e-05
2.7019937397675987e-30
0.001545148425104526
6.956249518872624e-07
0.0035949589926488152
4.364914630576833e-06
7.916328405562542e-14
5.826375115800306e-22
4.497066245260285e-10
0.002875491539863118
9.848887753885005e-11
2.255465271393159e-08
2.826822890247387e-08
7.992379324801652e-16
0.2985209794767882
1.6932968171732587e-07
2.225479699618345e-07
5.880606956780141e-07
2.0926062573194337e-06
8.466293730950834e-19
2.877932054094712e-19
3.063182297708652e-08
4.629754654974905e-06
1.773394409529028e-06
0.003853829082872493
0.0002352726548154246
5.846223921823703e-07
6.55111344244173e-08
0.1356172732566069
1.5341629707500312e-07
6.946443903081024e-07
2.399085956462137e-06
3.530253067771681e-16
5.432741648330117e-13
0.5745579387120329
0.024973900240813175
0.08509008111323946
1.1814597778987364e-06
0.0002356516018441146
2.0408125060084706e-06
0.47956382124816693
1.5819924612904006e-07
8.002857576798175e-07
1.3242566191211586e-06
1.8585847412538493e-06
0.23096635218199668
3.748135640738837e-08
0.10702515581528038
2.705908218299074e-06
0.10511701591717196
2.3114971289082e-10
0.0003468402473898372
0.0013821197255852377
0.06708763232329067
4.07876443229767e-07
2.6054299789114738e-05
0.3077553431687079
0.0019283451286807006
2.2086896668965036e-25
0.02277540022370353
0.2951751047483931
1.226200599969747e-11
3.648256969516917e-18
0.0009208615422459509
0.0002525175362955078
4.749886165833214e-09
8.375680153742229e-07
9.453297743798574e-05
0.0001746593538136484
0.06443190461769588
7.153787351880122e-06
2.2505961072227063e-05
1.3140060671580912e-07
0.0025981394319513026
4.4398202334686313e-16
0.00011976677329979564
7.804368388921769e-05
8.512623710641981e-20
1.9893633910397794e-07
0.07761476349546403
0.005050760333547883
0.00038338702755979343
1.3310103168758457e-17
0.007136025626826602
2.7930104623092548e-12
0.00027460863794514015
0.00023291569832463357
4.069688210973657e-06
1.2063148526470043e-10
0.07363020750375374
8.745370749755554e-05
1.5455191244441946e-07
0.4831785848168886
0.11758617458766643
0.1376882688857995
0.00024071297063710915
8.145818098751204e-08
0.0001580063800872337
0.0049572083037257445
7.147712962396021e-08
1.7495502092606323e-07
5.763492518667624e-10
1.6376354252465846e-05
0.0024234802272688994
0.00019507625646387073
1.707937023922124e-14
9.389842935527838e-11
1.1571041260760121e-05
1.5318470848717987e-07
2.6208388844105732e-05
7.32119629454211e-19
8.223393699199593e-07
1.2582288040690543e-07
0.0010758648674038186
0.017267152808825584
9.291666812523916e-05
5.36116092073785e-05
0.07508718841435227
0.001190649990690205
1.5331969312651482e-08
0.0019071544501016208
0.0031314335418594387
0.07317939918533542
0.003383958687983761
0.00016436033339660007
0.17363839821364072
0.018522113866817482
0.001967296697349367
0.00014173904258670244
0.0039766853042348185
0.0032555301973876782
0.003076790013662483
7.942018883323995e-05
0.6012933423457235
4.141555259075004e-06
2.9802373847628805e-05
3.7606998786728536e-09
1.6456627429918425e-05
3.13024360773667e-18
3.777200917663428e-15
5.860800202513612e-07
0.12133191474735015
0.0012829094712632073
0.002375694638247048
0.0005269239630359836
5.4075883821833045e-09
0.09473712714314063
0.03786675053209868
0.06587250273210964
0.0006841981725475581
1.8340369054589744e-07
4.057132017929167e-08
0.043388900967093455
0.4760172555543422
0.01056376632679559
1.1051959842930434e-06
7.273099414408357e-08
1.137892483341382e-07
2.9296244878104475e-18
0.017814801944723187
2.774964495874807e-18
0.07911176395417302
4.433116574066817e-07
0.0026672958993075075
2.8880620752189825e-15
2.5864837949351918e-08
6.2143010801527984e-06
0.0031648697723031874
2.8635105037693946e-06
5.504616160483546e-15
0.0029737618241192027
0.0009136341648390337
2.1822655914956372e-16
0.027911525333493014
0.004757918952232431
0.06463656086539443
0.0001817545151749389
0.002192278170749431
0.04061664034317927
0.12671105554295004
0.0909984115361813
1.1348433259212456e-16
0.005723505428636958
9.752163959029516e-07
0.07875654844790596
0.1252751661042324
0.1724929510502933
2.0355407047945053e-08
0.0005623370446915132
0.008819529722968697
0.026323089668167387
2.245989180517386e-06
0.01530611682143436
6.574108855995937e-05
7.858214070868715e-11
0.005812841811400498
0.7504450749196296
0.0009044450749903465
0.0002732878628939831
3.251691444548563e-17
1.9352763950692855e-06
0.8189780635542264
0.0006087499956909374
1.6343171776640817e-09
0.299218515743454
1.0922128904547155e-10
2.701669387487065e-10
0.10266170644174563
0.10249269560042315
7.223720187565494e-05
0.02503451944834551
1.4683820064830674e-09
3.1269006737134486e-15
0.0033924440064818074
0.0007307952302376393
3.136073271953468e-05
2.627291289822379e-07
0.0032598986835368385
1.1198776515693661e-05
0.775332780822728
3.1954026970214696e-05
0.1204313272875213
1.7189247533904903e-15
3.3967601431150076e-11
0.8305167689909163
1.5676412898304388e-15
0.07876870042902218
0.09533451275023519
5.110530568989067e-15
0.00013947242035815225
0.0010760662749247348
1.2603997351708331e-09
0.024571507172120494
4.75849386545722e-11
2.774344314645624e-07
1.4884641988132105e-10
1.2279245079795182e-12
0.039938949683859436
0.0003335634684831622
1.808731656755785e-07
0.01565798831268079
0.0900649277757328
1.586676116120856e-07
0.08209593657701639
0.07948783186416601
4.831424035897902e-05
7.925547470997674e-09
0.0014929082318529464
4.398768858358298e-06
0.053168763593554005
0.0021961723456136494
0.4169023580174053
0.0012039897161093232
7.951165015294247e-07
6.819887162103316e-17
0.03665937825310787
3.414886484842083e-11
0.07360566885133078
0.1266113991476228
0.05076948751071111
0.46376889978555424
0.002038346040107914
4.729308804102062e-06
1.8654238102853067e-07
0.6099585561528225
0.15664430938580562
0.6228218992556472
0.035616211149218945
6.818538226530222e-11
0.09534489327757063
0.17223822440889558
1.8042695428543145e-05
2.370068934894822e-05
0.002529647935184902
0.0024833526728936304
0.0171420313742778
0.07081882356430619
0.2775333954797836
6.454728651131143e-07
0.7742595988767282
0.005636864266971471
0.0030502955734864946
0.0009403897484024021
0.0932702021870514
0.04245544195782458
0.002858739581380503
0.19428557763678356
0.8445032620800047
3.472970523554762e-05
3.5254841878012267e-14
0.8863285356651469
1.5388492638018387e-15
8.951342537205531e-08
1.2702816121180375e-10
0.00011503976333731581
0.08138676890030326
0.0002839667243595645
3.8386057486045547e-16
1.7555407692373188e-10
0.00872051622738336
5.890216360346859e-05
7.753327863763489e-05
4.833185564821349e-09
4.5967150752641584e-11
0.15257235553004783
0.004951937385832307
0.11488895334574586
0.0009875352587071172
2.438635577777228e-19
9.639887949768454e-05
2.4663164304618584e-06
1.7998265137454324e-11
2.279494175296974e-08
3.705913383478526e-09
0.17389589899806623
0.17387644882619088
0.029126616104652506
0.25675190944358
1.0981386943670433e-07
0.14771615228896454
0.027365984364132755
0.04238086136181551
0.0014040847295993782
7.814447367222475e-16
0.0004904607993051219
0.00151308184257264
0.07292511222115308
0.08224679559601963
8.87827822359905e-10
0.4559721593385797
4.334492262783617e-12
0.0015102279908669333
0.013223946155611118
0.43391081999441167
1.9921121640412597e-18
3.938816562944174e-08
0.0004701765287304006
3.840718744375459e-08
0.000425299297424903
0.003444219158898374
0.00021516388847315075
1.1669831837678105e-12
1.6753947055399552e-06
0.05474061907140678
0.9100676653071618
0.09212861440638569
0.5103983526985507
0.050067014434156815
0.8607449095006299
0.00025358473726071955
0.0001803259176862202
3.358533641306912e-10
8.254452460731055e-16
0.12406322677947654
5.464412631546769e-09
0.021044706261539977
0.39707562178653394
2.190076526691121e-09
0.08010900167528857
0.012671421581231869
0.0006138561161967065
0.004529018937680609
0.15564301360224694
0.00027008212798375564
5.723185174078971e-05
1.3516398649474701e-09
0.15880323974629143
2.4793014911015146e-14
0.7536233513031773
0.679737374905106
8.55962707495127e-10
0.00015019048202725844
0.6591564933327018
0.09517849103115147
6.908487256779495e-07
2.5382064951798726e-05
0.9442555191136823
1.3190748134488066e-05
0.0010888082847740302
0.20234137068926827
4.944338283631084e-08
1.7974683302373223e-10
0.20087690035522626
2.404463612709209e-07
0.45432372357387324
0.7316663883883898
0.31165365909379544
0.605625120852913
1.3857566238476567e-09
1.4402680988545567e-09
0.8055755400814099
1.0586085862728328e-17
0.00014515364918249538
0.08545781944371106
9.659918827804551e-10
1.9017118005068144e-05
1.0507033834012941e-05
0.20156887555631287
0.15768659665571458
3.649127210329347e-09
7.737264292890156e-10
2.8596191965645497e-10
0.012047463773308122
7.784533423006656e-10
0.0871224965357337
0.008536276557929712
5.414403097943772e-06
0.21860451826868174
3.827116263812597e-07
0.23778691553886372
0.00023882859022837855
1.6687125180761103e-05
0.06851221990895878
0.0012764622783623173
0.22557666260914816
6.549709051974302e-10
0.24094312241120325
0.07985910583071162
0.0003404163793169349
0.04032220813007729
1.0154342780757043e-17
0.0001572433836059513
0.28238742130289307
2.0063530926440217e-06
0.010509041482027536
6.946609939060485e-15
0.18553779538644966
0.102370452146528
0.21548784066085802
0.21467711317176766
0.003208445715407118
0.01455856058534666
3.2070484373971456e-06
0.07938089090379527
7.378893030384927e-05
0.0009833918522348627
0.028145833604094967
0.3318018430967494
0.053580819146849576
0.11118878451788027
0.04251666224592316
5.051831766541173e-05
0.00048197185587646094
0.006438521941217186
3.22611985154919e-05
4.196474431795149e-11
0.00015750132177893948
0.26971329902582286
7.516638951967343e-14
4.784469084531969e-07
0.006902991852355193
0.0001460713755819418
0.002428767546625669
0.481721961917732
0.001441237931489434
0.0002867721454388392
6.910565455756138e-08
3.9456857445761e-13
7.58404570558823e-07
0.0005614984546026727
0.07849907894736678
0.8768099485631194
1.613945614532717e-16
0.04918867655981151
0.9041419276542207
0.10768145819443703
0.18548818424844038
0.026956881153424605
0.0007911657940898904
0.14817023982610295
0.01425459196285685
0.0009173914148959346
0.9230724049742035
6.765780997833521e-16
0.009745769356238302
0.07277978946183475
0.03793110593198058
0.043927386850887554
1.2039483574645601e-07
0.00012582420604332028
9.9929703644021e-05
8.221436683884811e-09
0.40293967261043057
0.6148603273393919
0.0001572822169073497
3.484412827505683e-07
2.7005402537360854e-10
3.4746984439886193e-07
5.788600450624529e-07
3.3015267068905214e-08
3.1924165950357387e-07
0.27425155940980245
0.01774271172196777
0.1609178719560503
0.2185500700750483
0.0007683259471959847
0.0001115858806368301
4.6464251121471535e-07
1.0323279708040916e-10
1.5423466094406476e-09
6.703091059810829e-11
0.02500505360514162
0.015487531070792
1.0180764274209366e-06
0.13603756213602103
1.695792366358231e-11
1.563896970166494e-08
0.02506162532415442
0.0033242794777447564
1.7005159275794293e-06
0.12708389371315115
1.016386899696039e-15
0.00028919222683083414
5.314592270646637e-07
2.735390431975622e-08
0.12763277979323678
1.715632838078198e-14
0.543723926916637
1.1666056265479051e-07
8.014028003470391e-10
1.2809289305393132e-13
0.011173179936441695
2.6474918065399657e-05
3.060700007780647e-06
0.13974397749519768
2.1215730774412868e-10
0.0001244057209496016
0.00868584502502624
0.8416004276678992
0.21618816355739176
2.2867284474834408e-10
0.0067349620915149065
0.0021456382110825608
0.0014033631965835694
5.227920353068632e-10
8.469159817085828e-06
1.6283480639312718e-15
5.4730294081584626e-11
0.0011646718801249741
1.3767721190749582e-12
9.666912957403134e-07
4.287143009247847e-13
3.5841253683967774e-16
3.256481898565842e-13
0.1278956596833336
0.9028078489927127
1.2485489031219948e-05
6.693799224591492e-08
0.30564597037310576
1.0229169460458868e-15
0.8524322501545604
7.578312304845793e-10
0.018717429285002668
0.01587379991907821
3.2747262909892693e-09
2.5951793526796146e-06
0.022288061222832962
0.3222936764925933
0.005764049937387191
2.424065273076192e-06
7.580221598341033e-16
1.6074592001704948e-12
1.8604539929843916e-08
0.13221226864040947
2.656042611607458e-11
1.3502127794724197e-10
1.5144570798597183e-07
2.2503957317027227e-13
0.002150427020237228
0.650401765252871
0.0012445614381526053
5.9333356106115464e-05
7.977233416968201e-15
7.450542944801652e-06
3.1725802654581957e-07
2.769936444174211e-05
9.135301050075719e-08
0.057471842056538304
1.9978704237791411e-16
1.7719603124782154e-09
4.394021540893277e-06
2.7364862580267464e-15
9.535648300363218e-07
0.010402987460491812
1.528357915559087e-14
2.6980150008295055e-07
0.6799367979166027
1.6661048195934694e-06
0.0037893471118901467
1.432932641996968e-14
0.7281645330684458
2.6841675316601236e-11
1.661009125512683e-05
0.0003826781105223057
1.6260318372030615e-15
1.298127998359555e-06
0.07517142972972964
1.8912358306794026e-11
0.1770305662580088
0.038789938528021276
0.591330284498835
9.540782754173129e-15
0.09389657148890394
0.23822493723356847
0.4178309573341543
0.5723828572942832
8.901540408254346e-11
0.06921713838305843
0.043877059098021746
0.2803468609532631
1.560580037634054e-11
3.843280570855748e-09
6.678437562420909e-12
6.97829562502394e-05
0.1291290665541199
0.26336850687216895
5.535913365400844e-05
7.038625291744345e-08
0.163624845267532
0.2663132254334329
2.6252069181303942e-15
0.009977394517639971
9.829008759356662e-16
2.0583872786579995e-13
1.958109141170354e-12
0.18692162384108507
7.040196325774418e-15
0.07759367144844903
0.19496405072087575
0.0001705476352477272
4.663419264140592e-15
9.007963700868271e-14
5.175181109876668e-08
3.1755737006780084e-08
0.1776811994741515
3.753511270803452e-07
1.97545305709707e-06
0.0023705197733063297
1.207643957171271e-15
0.1538095653313235
0.6411677147332554
6.251886744307777e-16
4.369111626114177e-05
0.012631477646580836
0.21440685279160498
8.41242142350248e-14
0.24708272500983158
2.2211427472976552e-11
4.9217086782602875e-06
6.379899610322685e-16
0.05481026470473539
8.074856876132157e-12
3.317567094315329e-15
7.738825550068162e-06
0.18912100784376218
7.446545885741237e-10
3.5938590032547975e-11
0.00041297639871409035
6.530697307444562e-13
2.483714122972522e-13
3.0970971661659884e-06
6.206187913824169e-12
6.384463517497879e-13
9.025445087744666e-12
9.579133929138884e-19
1.0756360798467936e-14
0.24060359083921645
1.0833318106448195e-11
1.9944655934789025e-10
2.3150074449141784e-05
2.0324460035242563e-07
1.5201540913795212e-11
0.00027629203712466324
7.197319890477171e-12
1.5543061339675694e-07
0.0028977219443585443
0.0011643262727303067
2.948134656328078e-11
1.2971411131062226e-08
0.000947172910137495
0.2100348127444141
0.0011911401312598006
5.321554427441972e-11
0.0010962160427103896
3.7257661895633054e-08
4.529701046101867e-16
5.5068424561114e-11
6.29280470911709e-05
0.16504020601562855
0.00015498154629328144
4.617091210749448e-09
8.124628421433656e-07
0.0069001496393550485
0.0011443155589660552
2.326308558589654e-06
1.4701458157243404e-15
0.11918499136163645
2.584029828708788e-12
2.246555229722456e-19
3.806505360279098e-16
1.0251119819693868e-13
4.381861038787855e-10
3.8738693893939455e-12
0.002282294376160238
0.30714790386768104
1.7948073496253437e-18
3.9655153078557384e-05
6.053239169453573e-16
4.310111657319224e-19
1.4567554240334265e-11
9.164209822677741e-05
3.423186660196396e-12
0.0029915140407941994
1.5868020979431382e-05
0.004639747057683117
7.469849038988037e-16
3.3585618805540203e-19
9.058937594856779e-13
5.387195291066784e-08
5.2129009632323756e-21
0.5524294459714914
0.0005871281947080163
0.001167706003935059
3.414136207252851e-10
3.3636237874513995e-16
1.436580975225594e-09
0.042181161680361706
0.07906774242937188
1.5568333016429915e-11
1.3336267683476812e-10
0.047132932281964524
8.138890100739166e-15
0.02811684971315593
3.8219018550481245e-10
2.0745341637999635e-18
1.0493839272423852e-18
1.305919251811927e-18
4.230936963523069e-11
1.245418966537892e-11
0.00010365113733318099
4.930145833111822e-11
0.0014702558727800468
0.003978163545380368
3.7381028193912764e-16
0.014508598273129206
0.14119868093126747
1.8171784123352384e-13
3.967677776207292e-06
1.201034602539097e-10
1.6328133544170876e-08
4.5501954878062264e-14
2.0318526684904798e-17
4.409227129828059e-06
0.42915236767469966
1.2298588406398399e-05
0.0006989915729063561
7.704863055984512e-13
8.034152658065475e-13
0.0006619483004025817
5.25214490094137e-20
8.288383871872048e-06
6.084763631962251e-17
8.328448993499956e-17
8.394718677724501e-18
4.849668955647034e-14
1.010137328780521e-19
3.1127249639118704e-10
2.125837522241886e-13
1.1142527167680204e-17
0.16466737613965443
0.019345990555754825
5.305796699427096e-13
3.431361366306024e-17
7.178904909995354e-18
4.5119024672031296e-18
0.0032011965893556146
1.1754380898754727e-20
2.3211809306661045e-15
3.812728129073225e-18
9.485840787874673e-19
6.7425096009083315e-18
4.545851248681891e-18
1.8964076016932445e-19
3.6403584255936048e-19
4.718088768384376e-20
2.465553881325284e-19
1.2889722287832806e-18
8.955537705553935e-20
2.1898900277151787e-20
3.762390461207217e-21
0.012837681135172493
0.9417156116046763
3.492542497889345e-13
2.387204332477621e-07
2.427407000466593e-07
2.183545146605689e-06
1.028492412273624e-09
0.2590672801343496
1.7853930444621361e-19
0.0004262106229309625
1.1369895578950479e-07
0.12657813260147932
0.0023590359340526297
1.5219170531650738e-11
0.00020221660842162698
1.3288791729732128e-12
1.1598758347308205e-14
2.1543416178149422e-07
0.0013579817632995896
5.30224743828742e-08
0.0016338279625284593
2.2418955745523065e-16
0.00022601399019411234
1.7730426946175868e-09
4.114832632746848e-11
2.9440749185188243e-07
1.4556997913914267e-05
9.655419276879492e-11
1.2027723287967898e-08
0.3381099939709143
0.0010368480598155583
0.40115513458546653
0.00019441111428242577
1.1946424762876448e-05
9.747388835490994e-14
9.687252367163667e-08
8.269575211652351e-11
1.0915421488240408e-07
5.94726402408238e-08
0.003366359560521834
7.550484981783226e-13
0.0018043658096679829
3.9200051805380186e-14
3.618127814607968e-05
2.382579530931861e-05
3.36330083156432e-16
0.001180266014333962
2.640323954351616e-05
4.6997188916201076e-08
0.02097176857422533
1.4659512974238734e-05
5.436142750695213e-16
7.440824337001083e-07
7.040562345514269e-14
0.11856318653588445
0.0006205069483917221
4.0538218185329455e-07
6.781367616399285e-07
3.852907958424526e-16
0.03068474798962445
1.1454650033262207e-05
0.19007732275823902
2.2975019790101347e-08
4.814785046114096e-09
0.001588392077690127
8.694934675400836e-05
2.2838084521696386e-08
0.6268531934774436
0.04167821942258284
0.2634905106713321
1.7177848747460258e-16
1.3208890050521115e-06
0.0003396163183127502
3.4595924328232834e-16
4.0371191429200107e-17
6.913154041206175e-16
0.32212299169380615
3.869761343319698e-09
1.738223040200663e-06
0.05246114611480823
0.00018030281707148314
2.7559803071584593e-12
0.27864302940557395
1.0270618350944398e-09
5.116633198054632e-05
0.001385580978785802
0.19337553929476906
6.293678385461864e-17
0.0001752533386121042
3.400201570434756e-11
2.9784647368624753e-10
9.941551072659864e-12
5.814222962291595e-08
0.027708788376590285
0.2668506969769518
0.23593416630597353
2.547400871916759e-13
2.5950518043714224e-13
3.349800818321743e-08
0.06105596175646651
0.14677110249683523
2.7167646196169113e-15
3.7332624760735624e-06
9.127484371531613e-12
8.953040767698323e-16
2.5255654435719627e-07
0.08734151244417866
2.1490975555029023e-16
0.006724073840105837
1.8048658749514328e-16
0.00039215395872985013
9.092986273051951e-17
1.0635271617834591e-10
4.055809452884589e-17
4.1369602462762967e-16
0.10019497149543803
3.0389268962017475e-17
6.72008200176629e-05
0.001265013918667451
0.06585570184206828
8.188905994156145e-05
0.6824878593929644
5.897168023814878e-14
2.6005923785569086e-10
1.1824961991612768e-11
0.1535971018110205
0.10768692975494402
0.011469395817095742
2.9563870095728865e-10
0.262958360006895
2.087029804845795e-10
0.18541555655231134
4.9145495037950004e-08
9.658816645259765e-05
2.570710829390015e-10
6.004182474864131e-17
0.001137568003878579
0.3468941895458824
0.9250380527072931
9.229276033232236e-05
9.475013023273382e-13
3.054193773746377e-21
7.882941356204907e-07
6.393833202899815e-12
5.834130530577911e-07
4.504076072537654e-16
0.00016071257647303958
5.590490047612219e-07
5.67509896431697e-14
9.362857425539627e-05
1.6460328711799268e-16
0.06579624372000718
2.0537373698053248e-09
0.42378576831961706
0.8870098704840171
1.109166836722464e-11
0.013405220969722234
5.341193528928777e-12
0.38114174125404215
2.900189404948805e-15
2.1277546352965007e-11
9.867853208113675e-09
4.601558522496953e-13
0.06549215476422453
1.6135205361397533e-06
3.3172874272019987e-15
2.2373590647962835e-07
0.0653426287762786
3.487760387550451e-08
2.069612377091566e-06
0.017258680731342384
8.184612189854894e-16
4.0236078838237156e-15
5.834556814048161e-14
2.060902440387731e-13
0.00023759823142359383
0.4805727658552427
0.041624840233390845
0.07183189504744596
1.7291111772766007e-11
9.858054232324657e-07
1.9780935901316565e-08
0.7095807710397065
4.639230545026342e-06
0.13101688333203482
7.354540824014518e-13
7.71718780893172e-12
3.313456604857003e-14
0.00011810490134331964
0.06090693379242166
8.650578863438844e-09
0.503635319765281
6.248279408282628e-05
5.0940989146834505e-05
1.7938082733640326e-07
5.406426416364621e-13
3.2800427951896575e-09
0.00033890683187109456
6.753879664077478e-08
5.9664103595621925e-05
0.04375485802240241
0.00043522131836620754
0.8210860414007589
2.5932567669823643e-13
0.3076669293411861
4.347199932476043e-14
1.1765355235978717e-13
3.268590676051983e-13
2.4269624478987954e-13
6.25448066948046e-14
7.240794309193715e-15
0.0014974583252309714
0.0001723068024029038
5.308413403307291e-14
0.003271737328763656
4.219299509839388e-13
5.354227437525927e-05
2.4804356425783697e-06
2.18003848544761e-05
2.7491052511033075e-13
2.24754277664261e-10
0.3982646101413906
1.622384010197265e-10
4.590942739656762e-17
2.1409195204622274e-05
3.028841066730345e-06
3.2406748031129036e-07
0.05203584497885225
0.4850301124741715
1.0371892228292576e-12
4.654936709940414e-11
0.3211999987678334
4.402537709854283e-13
1.1179219764134567e-18
2.3851211759942182e-08
3.7853570521857233e-05
0.003937741191935866
1.7875316297485671e-12
3.0564249628958742e-12
1.030051476352794e-14
2.1888501280917616e-12
1.6339673920868795e-12
0.00432400729300578
1.1120514259072913e-06
0.00035105654933692435
8.422207580509729e-05
8.406849672846617e-06
1.6035868755583566e-15
0.00791059752188422
8.005289301093995e-05
0.399648725023088
4.9975129944031184e-05
0.2334370576094459
0.5600786754876375
0.13676225736451375
1.8045510048133557e-06
0.8179907439673408
8.299909597090696e-17
1.0674999003286651e-14
9.971628565958798e-12
0.48041134262854973
3.176542967292566e-10
0.0022032737162954365
2.9033740829890947e-15
1.1967334399757291e-11
0.9259002551497654
7.1095103957577e-12
1.0484819263560609e-08
1.2896474792040363e-10
9.816378952254814e-12
1.852809883817892e-12
0.434282805410741
7.558098814989912e-08
0.0029240875407126844
6.338754072175826e-06
0.0010437096364357872
0.05095370825769443
0.42504304010808064
7.295777051268277e-14
6.20247590646417e-11
4.075938768468961e-07
1.1530413817575442e-08
0.0004898927278887978
5.443340825961179e-14
9.083842951163051e-14
7.593923911817766e-11
0.012591947591224999
4.300718325712972e-25
9.029138806077243e-17
0.04110867691638087
0.019640696251715967
3.213845394003911e-13
0.013016283944167817
1.3318042691109373e-14
0.002425255999753402
2.3763814646612088e-07
8.718375640326542e-14
1.815922892692285e-06
0.14292094746966955
2.12335910822215e-07
7.750737590189469e-10
0.0008830898309598357
2.6531896526932647e-12
8.901067116379223e-16
1.3642203153452623e-10
0.0018652256764785209
2.267738534844045e-14
0.0013317071149869556
0.24055530772540637
0.027588137425946346
1.808194198937559e-08
1.9147702813293164e-14
4.5240426536429857e-13
1.0110169289957596e-06
0.0067765146347147235
8.21828628409339e-08
4.4370100568144287e-13
5.895089946890604e-12
9.228478803877886e-14
1.8110232301154848e-12
4.0445075099190096e-08
6.8830005234896e-20
1.2378092922258693e-05
0.03594665136764705
1.7600963676632058e-10
0.000544159331448002
0.0001234194433201023
0.2350056618861496
0.00786612993306745
0.14400715964518698
2.382932632804247e-09
0.20052465803026628
1.0841695420762787e-08
4.7007045526310164e-11
4.480553641686203e-09
2.445129541418483e-11
2.5524174387966973e-11
6.328603388639519e-07
0.001258437162954148
4.1978582439911365e-12
7.464426523147404e-11
0.13743543343703168
4.4810283082266653e-11
4.2494911512189375e-10
5.1303444509157476e-06
4.234814808862762e-11
2.6121843680807047e-10
1.3847448342892694e-06
0.2005415626811828
0.27229180935988295
0.001918646690435528
6.40118008719982e-06
0.24306949864632155
9.812830869299636e-08
3.5399464570385144e-10
1.3018178637794691e-14
0.0027584823356148007
1.5432356720094131e-10
0.04336258855571703
0.0003120223175768633
7.275701896160215e-08
1.978390521728551e-15
1.0025575538772167e-13
6.912340951802082e-14
1.9483219390855187e-06
3.069080724405993e-12
7.614790497723004e-15
0.08471349353998732
0.00016595559044272812
7.586956466239734e-05
0.34284853774401236
1.3975332209653004e-09
2.3309516786256187e-07
3.0640979493853433e-06
8.515948689412087e-06
8.2500172554732e-05
7.178821590350674e-11
2.260203238700886e-09
5.569030988923655e-13
2.8843218604566803e-05
0.029870225262555616
1.3906256110474351e-07
2.0551277669857555e-11
1.2304412808324354e-13
1.3816447867885048e-13
0.015016411324002617
9.062095680185884e-10
0.0484423984055262
6.990608282337735e-11
7.649855061593468e-11
8.392744489516157e-07
0.40032855215093244
2.761004223332686e-06
2.946817971750704e-12
0.126741238300616
0.32118077758836405
3.053381438534328e-14
4.703050813394373e-09
1.1109392258543377e-08
1.3152193448505183e-14
2.5303650475424306e-09
7.0320170767779194e-09
1.8048468628605543e-10
4.980260574028369e-08
6.915421326685898e-10
0.0006431392438976304
0.001156246518415723
1.0007281518733337e-12
4.4747830940311475e-10
5.366843699534694e-09
0.0005530092071418126
0.049161630313691675
0.0012006199882942182
0.4687252651008386
1.4141826964003333e-08
0.0024311518613425146
6.793355836120922e-23
0.4551133007729773
0.11367288701922827
0.05015548866445334
2.7259541996588922e-08
0.4322461645535284
2.3795567026089932e-12
4.906912738311724e-09
5.024346571934816e-08
2.616266249683319e-09
3.2584713608713956e-08
1.6462595799616562e-06
7.569349346479034e-09
0.0278427636129817
0.0005455464391274859
5.198174481454744e-05
0.22424159900544818
0.5493436255424251
0.5520656625279002
2.0537584593817945e-08
0.004585399400817849
3.330463834439215e-08
0.6996202218546721
4.05857407878019e-11
1.943930833825131e-05
3.290952448254398e-09
7.522725773809918e-07
0.22811921329189444
0.32736332012457925
2.4862313026586975e-09
6.327308841935614e-07
4.458984568932526e-07
1.9656902885788822e-06
1.545256864509322e-11
1.6850604049707344e-10
1.0520569787205707e-29
2.0561036501788622e-12
0.0001735532875538167
2.96942673526952e-12
4.254260311002843e-05
0.00019926377465758334
1.1573416218744148e-06
0.28980598529279156
3.6027057643661777e-09
6.60182976406785e-11
0.039532812428018496
0.42917581790617904
3.0228568839142465e-08
3.6528458895237845e-15
0.00040260026229476645
1.4125953512482711e-13
2.5503338550516253e-13
6.054898340061226e-09
7.347107630041046e-07
4.959259069100856e-11
0.00012350123188596424
0.020069377590737163
0.00803230655752732
9.97379822811191e-08
8.835558228410307e-12
0.10078777979046277
1.7639603875265408e-06
2.0479278561615633e-05
0.5565417628537993
0.09573396891120829
4.158591814093188e-07
2.6056643207770444e-10
9.0931050505576e-06
7.5077705005689136e-06
0.34022011219032783
0.048110730163283606
2.4292858594876607e-07
6.504787322098126e-12
1.4795684544458154e-14
1.833108262102918e-08
3.623837862025808e-05
9.688062252911104e-08
0.08086568656166454
0.844960306602494
3.059730567214165e-06
1.044419632411239e-08
0.14267886304802133
1.43985080781313e-07
1.4608881395434855e-14
4.409575400343719e-06
1.685510215497751e-07
1.9346631749418154e-12
5.168881077919913e-08
1.7114410401736223e-14
6.487570100380708e-06
0.8883648381516465
6.782395712727553e-05
0.0001524612429097384
0.00019769765766433926
4.342315123197323e-11
8.076390923300855e-08
1.356892294695335e-07
2.2260277275995203e-12
0.37063766913554674
7.636949111167661e-07
9.997791442039353e-10
3.08840445084909e-08
1.534041986381079e-08
0.6578005891413459
0.39664895608652073
1.2879801682209542e-10
1.0720435295050163e-13
1.1957708363891568e-08
3.960391322208404e-13
4.393239381531257e-06
0.7788151170665241
4.678260477742546e-12
0.8415901822629375
1.1108712618666204e-05
2.2047691803752177e-05
3.9981433390244416e-13
1.4743391074569566e-07
0.04259523576205055
1.3996309272036064e-05
0.0017833682158350198
0.1211107978368981
3.696586185644683e-05
3.31978377117892e-07
0.12451513108240099
5.300318329308252e-13
1.1593996764601882e-23
0.4994019271492815
2.570157437747283e-09
0.9016797282255059
1.5153386439756917e-05
3.3844655397178513e-07
0.8004011741903775
6.901426857670288e-05
0.00020247320075888822
0.06359195328648991
8.646396988353729e-13
2.405885697351042e-10
2.7174325508107194e-05
0.36646903317084095
1.2311167027593525e-10
1.0167704278148607e-05
4.5510763957846024e-11
0.0001455223009357309
0.012416986416593246
0.4038134155763879
1.5555084913861556e-15
5.6022625716324206e-05
3.0572772371051723e-15
0.3805911194286649
4.861928024400784e-05
6.646103653770422e-08
0.5436272059254313
1.9968020751017164e-08
5.821774621390259e-09
8.288669185681738e-09
0.3676169944064445
0.034858626958353026
3.167742814440878e-05
0.0007308289716826674
2.4596786904324168e-08
8.853480022446303e-06
6.798016666712837e-08
0.35901977501340615
7.449092626221557e-10
5.4424390706612285e-08
0.0002641681936917824
1.8641278505109945e-12
9.494021299259528e-07
0.11005206828947761
1.6792544788300848e-08
5.019700391350399e-12
7.94860088740519e-09
0.010521377272763708
3.8124793533222794e-06
0.42515951497137316
3.214066462107813e-05
1.1182114962523157e-12
8.512311050580588e-12
0.00036962313600193196
1.7487671899149608e-07
1.1286394524819843e-05
0.11807531779784894
1.5283466407147774e-12
0.003911504411448089
7.998764382668707e-09
9.702257072272329e-08
0.0006185065123596423
9.78906272431501e-09
0.00012649647243348318
0.0059286109069689235
2.97623857101827e-13
1.5491396348421743e-07
0.0268156234720435
0.13176982871457046
3.568734264744441e-14
0.00524445320852735
0.33551034778988104
0.014584607612502173
0.39136725652472454
4.191188792325549e-07
3.977183020440194e-11
0.000904860368629271
0.00046152051733059366
0.007052353914966074
0.3256541744446882
1.0939314345481479e-09
3.2654818030106895e-07
1.3674433532973362e-06
1.839002355356528e-09
7.94724564666386e-10
1.8633832747719344e-09
4.12852525327884e-11
0.026318554436344035
3.1628190457367102e-12
6.228032009374592e-11
0.007081484368424005
3.1611413520533486e-14
0.0009238031337954933
8.237578382021272e-05
3.986198519778371e-09
0.0016451545401219932
3.5790673118183864e-15
4.547605963057085e-09
0.0014980702171635467
5.62762786189826e-05
3.850046747535169e-08
5.258379446038666e-07
0.036301537665142956
1.1466490011749545e-11
1.9496562357946923e-12
6.110567936719939e-09
4.377495468270875e-08
6.733729926686612e-13
0.00018029410977524375
6.330023228731505e-07
2.113984135643078e-11
1.1592829478436805e-06
1.5252344597893676e-12
6.68108295370336e-15
1.709840311860465e-17
1.0587855139618593e-11
2.0256849059164178e-08
1.0015526980776036e-05
1.9250551648866903e-08
0.875464670807546
1.0157180939389567e-13
1.442844860020417e-08
0.488073267912923
0.00048380269031786805
9.753653471204421e-09
1.508622885310248e-15
1.1571156018446682e-12
0.44050896713821114
1.3369708264562449e-08
5.155040204493307e-05
2.7576621479372046e-05
0.018353228503595328
2.6243886407823627e-09
5.653350269165394e-13
1.588548799096297e-06
2.2840288896407257e-12
1.1006815456797052e-06
0.0006176540872133078
4.512058339796352e-10
2.7647335911409564e-12
6.36226951774355e-09
1.538203512366146e-05
4.055719306821881e-05
1.6422721625457384e-05
5.6279615798256043e-05
9.848154916957087e-06
1.903060997534007e-14
9.331370559003544e-10
1.5111004441815188e-13
3.328370825561064e-11
1.1622451132553581e-06
1.2010332627205487e-06
1.906351205776424e-09
1.9370362612335387e-05
1.7541448025769293e-05
0.036215396113186346
1.0240605686613789e-12
4.4363769485522976e-07
1.6314254900280723e-10
2.7407591856511443e-07
0.014696379660153174
9.163911566296217e-09
1.656573462222396e-16
6.467814563686087e-06
8.141541982060133e-13
8.377147352801784e-05
6.110264906332904e-12
0.011787531981994418
1.1057839403974014e-07
0.12219962556720061
4.351140162573576e-09
0.1668905048056058
1.845184262844855e-05
7.82358809377001e-07
0.0014753080845898237
0.17216485074542992
3.513181014037573e-13
0.0004738657172007909
6.998309608022423e-05
0.0004240478219125503
1.6258005744047212e-06
2.8837820364622434e-05
3.1917642253787543e-12
0.18400158085743443
2.490688453640149e-11
4.146837159934379e-06
4.801064591916769e-07
0.22485306615081474
0.28928898307007644
1.5646653792366124e-10
6.6862305671669575e-09
0.009745223539311228
5.918448031703929e-16
4.368678940139092e-07
7.702708359963805e-15
9.685351757327493e-05
1.7831140491134225e-15
0.27276843113637866
1.3201843836285588e-21
1.2632728571929856e-11
2.9604259437319105e-08
1.0647330270956994e-08
6.441901654829555e-06
0.00023235699590903473
1.534734822768157e-07
2.8882583032420923e-12
2.7630036258670556e-22
3.781746662833274e-13
2.340638134615812e-05
0.019998584757155245
0.0069706145723934685
0.30559558888146693
1.3805452786510124e-11
1.6631309347339873e-12
0.31595407094356304
0.3699571322824382
1.8832211538796606e-15
3.177237768716054e-05
9.787427197400384e-05
2.2222749557106995e-07
3.379645306564944e-07
8.865508332394732e-16
2.277421088462438e-07
3.493080291173104e-13
0.002211869180659899
6.5685399214765324e-06
2.654855153315509e-14
9.056439136410263e-13
0.0038562370487371807
2.9171245888306206e-18
1.0817192257592641e-15
1.8871454908622933e-05
0.00011599747142475402
1.281182242629654e-06
2.1893249468038908e-11
1.1412665585129236e-05
0.0005541590744761799
8.240601712737677e-06
3.779129379147339e-18
7.553243282989236e-12
3.787381371507596e-06
4.4602830050647517e-05
2.1463498986545147e-06
5.011377920411701e-05
4.0332224809258655e-16
1.1359341618929457e-12
5.849328427516532e-05
1.5365897938019333e-15
1.9334805681009044e-24
0.5663884454291205
2.4768336314026955e-12
6.13705591201165e-08
0.001469384249007652
0.0053876204921485095
5.037802309230301e-13
3.9064224309114335e-06
8.155209284731086e-08
9.698003555298517e-10
0.6955770217723636
4.8983757957895216e-08
0.5533308237188942
1.681197680487992e-05
2.169776176879835e-06
8.532308132604263e-13
2.9033179734170016e-11
2.0207813167680542e-05
9.515055271387098e-19
3.7258030823749387e-13
6.659873097358204e-16
1.0057823866624048e-14
3.7633431751192674e-18
3.4511540992916104e-16
3.4107685000672196e-05
9.070870494147436e-12
5.185216736734202e-06
3.8096748379469486e-17
1.768397301085724e-21
6.923096240445783e-13
3.071737063733972e-12
3.446257529200211e-05
2.4403608388787638e-09
4.591664339550948e-06
1.9901594157745371e-16
2.8932983333937443e-09
1.159210950473483e-15
0.26615513318763134
4.4563746308561545e-06
3.9549530183749145e-07
5.196904605943058e-15
8.522222362490747e-14
5.870944736165099e-14
0.0005767695956980354
1.5345000983599493e-15
7.948985336629779e-10
5.709087689583862e-14
0.0002696529516864108
1.088446744859277e-07
3.352565913238174e-26
1.6052054618976194e-12
0.00019116857274028155
4.991561043579972e-10
1.5796848084551305e-05
0.000581432225933665
5.2667818968152646e-09
0.0029860788427936553
1.1756105884469317e-06
3.5497605825989034e-06
0.637243262493292
9.606213242725184e-08
2.6343656502987376e-11
6.556896016900652e-08
1.571296811293689e-11
0.0015079437144217855
0.0011954090595602753
0.0005533927260179979
4.38818548330328e-13
7.129793125738253e-05
8.024301040523836e-10
2.657811861994684e-09
3.055150068181894e-18
1.6401124906257835e-06
9.029258857711261e-14
9.912007642477465e-13
1.853717306264267e-10
4.6354709194279916e-14
4.350404138344843e-06
1.149553646450509e-06
5.047582201287326e-05
1.1652727354271836e-23
6.249867014722387e-19
0.0019806891236001166
3.519084164126928e-18
5.82231383626087e-07
0.264900199663332
9.725345205104717e-08
0.0019187645153546423
0.0015385907984143481
5.56428333044592e-14
2.47891256892838e-12
1.8846536216095114e-07
0.0006532780703640888
8.176847729260875e-10
0.0017574729934349115
3.0265579938036686e-06
1.1949794274071586e-06
0.0020329355673591554
0.001392262969851602
0.0003519644689114858
3.3646298760284e-13
1.6797648995558831e-09
4.815970409753071e-07
6.544065568222602e-14
2.949127701308968e-05
1.0881599106607425e-18
2.2218829443159736e-06
8.840943641614775e-08
0.7377377091349916
8.468773959188253e-06
0.7754338303351839
0.01517397658541692
7.400683651926362e-06
1.0384528642506221e-07
5.424000691686133e-05
1.3509468727797986e-12
3.6155188813957974e-05
6.444187472825535e-08
6.644641545854673e-06
6.469228348331155e-14
7.956776104869976e-15
7.516874017458879e-06
1.853967492997261e-07
3.6994363907117935e-12
9.326978508590806e-05
3.4767096937199337e-16
0.0029115026725944834
2.585372661518284e-29
3.436670193477714e-09
1.227153609110529e-10
1.188806556701993e-13
0.0007056792061203261
2.3046265005468025e-05
0.0009531590537354096
3.555794203775795e-16
3.404843259035111e-21
1.4056531419710782e-25
0.001150137795452513
8.199037632888216e-15
1.487484743463203e-05
4.2651058673375825e-11
0.5461573692324965
0.0007754589578444608
1.0565000620995904e-14
0.4857344859273061
4.162706665357937e-09
1.5410756255422742e-05
9.566758921213307e-19
0.00018833813894387027
0.017551840615433054
1.3397031072725254e-08
3.4385403775253315e-17
0.567334815323461
1.0796381896988773e-06
1.2207486918557598e-18
0.7668787010190602
1.4297969679227185e-07
8.18984040759563e-10
2.8682733380582537e-07
4.279834130378321e-17
6.575284091154767e-12
1.0255709811733771e-05
0.8119087102326829
1.6121246952966483e-33
2.9057442292585613e-07
2.2099750081193497e-23
2.893671140125767e-06
0.014214203716931165
9.307487062819966e-05
1.1736836974018534e-07
2.8382405169562842e-12
0.00030946332895790297
1.7795248892376783e-07
1.4725134123024417e-09
7.378449685368146e-06
0.6895742067404075
0.0004847630083523711
0.6635210660882049
8.663575783889336e-10
2.5957568872082453e-16
1.0734020256755423e-08
0.5761629942530151
1.6344098537742927e-32
0.0002531925011814826
0.0012668328915357253
7.353458364715118e-09
0.00045824402560067963
1.5461255870546263e-09
0.44079843012432257
1.4849934483011158e-05
0.7572684601227243
0.00022374691792934886
3.4245783532765867e-06
0.0009631248837224479
0.00017687631728457212
0.3106305774469771
0.8028214376672251
1.0573778249203271e-05
0.8198941389879447
1.8666872102266675e-28
2.260805843944967e-06
5.079485612560964e-12
1.5230106931108278e-16
5.411898582830321e-14
4.477535160796521e-09
5.246050428822046e-12
0.35061340958933246
0.00019037098624157455
0.29657778817205
2.3189161580105624e-13
7.106934792002671e-05
0.7810153271016609
0.18726537409022045
0.00018395407330388394
7.649284344045211e-06
4.213675418279352e-10
2.1090581250886154e-05
3.4264200296907287e-06
0.001335013221281598
5.241568832627809e-06
1.6679994811045068e-12
3.430757570923992e-17
2.4848698528335546e-17
0.00025420596076555075
0.6249902485534525
2.2482122644699913e-05
8.348445012757837e-06
5.21962839283796e-05
0.12674269637728267
1.0518685723418902e-05
2.512814133246861e-10
5.640370608986033e-15
9.719222436679571e-11
3.14111497479327e-05
3.4687613934918263e-13
5.57383080341627e-12
4.046312330311991e-08
3.8099438591151683e-10
0.37433009193448746
2.0801346978977214e-10
1.2272368184467952e-09
2.5572891546125945e-06
4.455275644269616e-06
1.5015960216397281e-09
3.268666427107656e-10
1.179836825959161e-06
0.8552521575092079
9.888142066261385e-09
0.0006001228383962912
2.413319716048356e-16
7.100918886220842e-10
0.00010556687048458624
3.447717048347683e-05
0.00985814215861747
6.048380125521745e-12
7.596726278827811e-18
0.08105822639453228
1.3453689891329732e-11
1.1965391872604467e-10
3.5411281087183354e-06
7.493383945866876e-07
9.027990785923667e-07
5.021093338597311e-10
0.5157733100334844
0.6872554344208905
2.0072339063521468e-18
0.6306641629995401
1.2840655486473401e-14
2.0242326454518195e-08
2.4807150048408768e-05
0.0008770460134650546
6.767242705048212e-05
3.350278869804666e-07
2.2077311521849878e-08
0.06894038737852719
1.8380772727023498e-12
3.192043263151558e-05
0.03125689179432225
2.4129829248696433e-11
5.855919095754635e-10
0.21791026622966728
0.7001270310887594
1.3973662044642954e-08
0.0002119246300024394
2.5846742497140226e-06
4.143539286385642e-05
1.7404690573615462e-12
1.4228298024841965e-09
1.7429037115372945e-06
6.520981665955976e-14
2.552876670702621e-08
0.004064150839531173
0.0026889824612742704
0.007409817896999989
4.481042678771337e-07
0.0016565099022581517
5.3259373708595533e-11
0.22798785952158235
0.005694016391682566
0.09818845239103834
3.4463719965608665e-06
0.010301417909394088
0.7214391359681431
0.0009465994110600293
0.008919663778155158
8.48651133394347e-13
0.6884339092642647
0.009969359367215484
6.352812047798943e-07
1.8361497482264688e-08
0.0005026751173318579
0.0001125616189633413
2.279510626944979e-05
0.00010182101291271065
0.005734644613366651
1.9821132284860317e-05
1.3213117815033781e-06
3.955539144168056e-10
2.6762361280264652e-05
2.5577680995866655e-09
2.691347311165898e-10
5.022557527234841e-05
0.005370412183932643
2.234113769982847e-08
0.6554091741640561
0.0071328220733652544
0.13914707997727474
2.615753719131793e-16
1.594980934992893e-07
4.9304777990811225e-12
7.0292138365991234e-15
3.884005234917656e-08
2.1802497602478438e-07
4.453575665158958e-09
2.4436366667654684e-11
8.458171861347393e-07
1.5479391079164237e-12
1.1451972511518797e-11
0.12295593471413806
5.780590184007229e-06
4.398327107286759e-12
0.005735628488425284
0.0018785192803741234
1.1140203734531205e-13
0.008972686303066784
0.055037310476998
0.017637232389689082
0.013046309627558546
9.017940963315881e-10
0.0034116888749027717
6.97756204531811e-12
0.022071706850552382
3.999372477088872e-12
8.336833112731681e-10
0.025600580350602337
0.00036940587604135004
0.027523542147559553
0.21021445840900105
0.08048377006256639
0.027444104341935505
2.3993365634013924e-12
3.5455041402224806e-12
6.5149441813936e-06
7.777850352717867e-09
1.140240914240609e-09
8.115828169730555e-06
3.983648796035225e-05
4.556554660545282e-12
1.435475451971463e-10
7.417005240466594e-11
8.700069014503674e-05
0.025369957944165692
5.611655690372097e-19
0.011402070425978145
0.005365088456412194
2.020303880014028e-05
2.2454120147974462e-06
6.311666147344944e-15
0.016993996905950888
8.595032115545591e-06
2.457846803185154e-13
0.022234926400983155
2.8515420284620465e-11
6.150967139880062e-09
0.00616072822235869
3.118588195164398e-14
4.924667393470278e-05
0.012397788053002812
2.7406803518211248e-09
5.503160091527595e-16
0.00042838330911567713
5.642080827309741e-05
8.494090604954292e-11
4.248594852982297e-09
5.765823868329241e-13
0.005098756019480652
1.1445226040682508e-05
2.7643147477531514e-07
2.3072408985410536e-11
1.507942663790964e-05
3.1209858892392523e-12
2.091706427013506e-06
7.240605053323109e-14
3.5784508316110376e-11
1.5732322870740427e-10
0.6230232909192888
2.840217230009556e-09
4.702764228927902e-07
4.3136333563052325e-13
4.868960382031957e-08
2.0589176994796543e-11
5.0045530520566115e-09
0.17264579346360148
1.6525834336989442e-11
0.06883873308471648
6.31503470662349e-08
8.674565067319703e-12
6.675815029606632e-08
0.09053845141481376
1.0919188130985253e-13
3.746567039380659e-06
3.9824614214216175e-09
1.3828773233494074e-10
0.03615792542146816
0.5567578973074611
1.1189981894341138e-05
0.46833634526232737
8.963041175154999e-05
0.00020161491024765373
0.04349449009706468
7.026191725916735e-18
2.3157030695256438e-10
4.332231091648425e-11
0.4077724713972381
3.231240891702907e-07
1.0355683808082299e-06
5.279387037331293e-13
3.700335058796367e-09
0.04893338167128503
1.6228150710192178e-09
1.1742346241192102e-05
0.13822110596013157
0.01475186454719556
1.5078279230071082e-09
2.0346898860951508e-13
0.009630238681508172
0.002341449815746467
0.0008910213174898858
0.02051933000030088
0.025569908877000315
0.05981586378922511
0.004587595542609437
0.0033732660964137903
3.0692630886773425e-09
0.03684980887562914
1.6335375596086646e-08
0.03238984574502453
0.1654882393643645
0.006657771805088409
0.0002524752990542427
0.327267151466878
0.037626150611262024
1.9774985784616132e-07
0.007132767670446685
0.02115290925117212
2.4992892551830584e-14
2.6928174118636365e-19
0.15599761354734665
0.014087029208975456
5.334833978825229e-10
1.2941605003186843e-13
5.110213533609293e-13
1.5764029204984035e-08
9.629851748324381e-10
6.216892503357177e-12
0.07015949433768293
0.03218966275008972
6.765832292503388e-06
0.026390183602386607
0.00722068218154957
3.0268716370826995e-10
0.0044146347168611735
0.02161780823086195
7.075701554845179e-10
1.9579713998109524e-08
6.4156631516113e-10
7.839584073273737e-09
6.308687903850645e-11
6.022030274821589e-09
0.014024198049999688
1.973609781445395e-11
6.3814129965366134e-15
0.026048654504035946
2.5712973525820754e-08
0.009035880533290875
8.353608926726337e-15
1.6290034156711927e-12
0.008301529099600014
6.763305421689485e-13
2.171652882618624e-10
2.1162591060414724e-09
0.10120253571148044
6.172038147721234e-07
0.051829683299643485
8.350120809696349e-08
6.092520303968378e-07
0.0408737906317032
0.027687876224686193
3.7908501655969384e-06
2.0571409525672323e-14
0.0001544144230892365
5.85633463340006e-08
3.043677290355093e-14
0.0010222690453871898
0.02267501116843932
7.351624914314001e-25
2.3725650498939283e-08
0.0005265191640940048
0.05015729792464236
4.196052187196192e-05
0.00041333992511789986
6.2699504857788685e-09
8.181584109079903e-05
3.897736194937441e-15
1.1772431392189458e-09
9.354386383252858e-08
3.369459787706143e-12
2.2918074177759933e-07
0.03266784019087955
9.374443598097236e-08
4.050997448109155e-09
6.54003744401344e-08
4.878874447069037e-10
0.1966151859618999
3.4889226401109604e-10
3.813137203106479e-11
4.3739446872144314e-07
3.532698338857122e-09
1.1715171150197592e-09
0.37608421470779313
1.4518927576885905e-10
0.5223200060770948
0.5048442092187152
0.4471591664572026
0.5780587833186503
3.7997785982582198e-31
1.0670908955545833e-10
0.4802940564935621
0.2687092458921967
0.6135129956850629
1.8506465444693826e-11
0.41972533130023754
2.0057399272147382e-07
0.4005986922366411
0.4084372247506492
2.0912116133957964e-13
0.49684797051594615
1.5380345792271007e-08
0.4039043806809519
0.13877795714292152
0.0007693135763606085
0.3680189907960204
0.3139077311706317
8.911242737944398e-11
1.3332498890861463e-22
9.419320080886526e-18
1.3764138104548083e-13
5.28869362416859e-14
1.77332431107654e-29
0.24498823726856264
5.655248140735534e-10
0.16715422453188916
1.9842574075535408e-21
0.0976278465212888
1.2819913870171668e-08
0.22672062570372806
4.3427465964925704e-09
1.044182011180489e-06
2.267026793108038e-12
2.798689028203733e-09
0.0014648799551862418
3.999562414835672e-10
9.672805219717431e-12
1.1679929366599568e-10
9.985010244623577e-11
7.170259029857065e-11
3.5039187781958595e-12
2.6066127722956256e-11
7.245765340319067e-12
6.004498844017644e-12
0.0021677379856081818
3.012853488269695e-05
1.7841396106160623e-07
5.1945573386461084e-36
3.1219150147124706e-13
1.72199415468886e-24
0.012636827147458946
5.429244702827381e-09
8.586634458139607e-08
1.662055384808379e-13
4.781845171213044e-15
7.765054370285625e-15
4.09901143576687e-15
2.361623097683464e-14
9.501367810789476e-16
1.7271687121643383e-10
1.6017046850448863e-17
0.08932986255407724
1.7544840686840666e-18
4.355921412678677e-18
5.508629514938124e-16
3.2904108668462895e-07
0.0020574029518302525
1.2593446364392651e-15
7.386138245320724e-06
1.3159823183623255e-05
3.039259571304594e-11
1.217741389973186e-21
2.289564802231052e-20
2.491055471735583e-13
2.21998793870063e-28
7.401707103415875e-16
6.11167653306356e-14
0.0021794484957110907
0.020928434652724558
3.1071080149228766e-16
4.7655566822217787e-14
0.5033408430729989
0.5821120887204568
0.6225827474656426
1.6461196283722924e-22
5.455978728005817e-23
4.354539096692655e-07
6.932621971423862e-06
2.1401966485176993e-06
0.3423606948254635
1.1729626826481744e-06
0.6748876451246955
1.4877705348396272e-13
1.2197446445098146e-07
0.2791340512207883
1.3624054880826698e-20
0.5266535275736456
0.01021368319223943
0.16709377104851778
6.05559591927931e-22
8.581710667098786e-09
2.0296665514282273e-08
0.00311675795798035
2.981582883412169e-09
0.0012260247970922143
2.159230752502781e-14
0.007928080471552006
2.0669165965667932e-12
7.967734653762385e-11
2.137464736059782e-21
8.134125982648329e-10
0.02056132655963472
1.4273048569396001e-11
0.0011364471398479406
1.044579171281149e-07
7.369545842624883e-16
6.00616623221948e-10
1.2439898356444623e-13
5.100561339700242e-16
1.5752259302560175e-14
3.5192484489341654e-18
1.2508589756578362e-22
0.0008110987029837169
1.1381950360903976e-30
6.821520970864242e-39
2.353576225114755e-07
2.7381273581536865e-14
0.007145311573970378
0.0024885654692402416
0.005199131084925021
3.109040786058846e-14
3.9981333646903405e-06
7.615866691250503e-15
6.937059226339722e-23
3.0652817089374638e-12
2.888671713019141e-15
1.9521836574182716e-07
1.153055516303113e-06
3.1496800158145015e-16
3.107569517471145e-17
0.00040945485238352586
2.5914445862336953e-19
9.590360656590553e-14
2.4558756364201926e-15
4.988943948013047e-09
1.1819146791763453e-06
3.656153604447281e-05
1.317547588792967e-14
1.2319939964354752e-17
0.04253118363149552
2.518987550812804e-07
5.545472546706188e-07
3.902697896169128e-11
0.006003111517393206
2.831035561194801e-21
2.3770148036918147e-27
7.3088883747106e-19
9.559503870245889e-14
5.706072698352879e-15
1.712800713101529e-22
6.305908432457639e-19
7.4060975585702e-19
0.03044540307307414
0.01897512354283408
0.01962641665545907
4.351842100078512e-18
4.122104512084821e-07
1.0938453744316e-15
4.1845695595119955e-17
5.596374036651276e-14
2.64235361489586e-23
0.009493074721814283
2.1481935959631266e-15
4.778285104711583e-12
2.6268856051101595e-11
0.003586175249145335
0.006796929448214245
5.723743952222352e-17
7.659002255562708e-17
6.380500453460102e-18
1.998322752268707e-06
5.544270122903582e-15
0.05971850342697305
5.854822277278156e-21
5.449921805335338e-20
2.1021906418210656e-16
0.0575306045503158
3.5083725501712095e-07
1.8700147809566186e-06
2.9686512410290983e-10
1.3815238683423662e-13
9.545253003645337e-20
8.205681738265516e-12
1.5581378177439464e-17
2.764050769866019e-12
1.809000551261214e-13
4.5491722116586805e-21
1.9181207610297324e-15
1.4618431072905433e-16
2.4911086227814114e-14
2.5167681829630176e-13
5.2263194691995186e-18
6.8756420190279615e-12
8.543533497936915e-15
1.7115807010855519e-19
2.1735071642395345e-20
2.8103292643870312e-15
1.4692444601417778e-06
3.253635066726661e-05
1.8914430428774697e-08
1.0412455263749363e-19
0.00034057862807153425
3.6129753879265024e-17
9.093885794880967e-12
5.992929416992968e-07
2.459218883647296e-13
4.111073951498716e-09
1.3756093278502854e-05
3.048272120277808e-12
6.302098110177871e-09
2.5719728614726596e-17
5.557604630664141e-08
0.004161976260171881
1.835259379513952e-07
5.307717706920463e-07
5.970185437695656e-20
1.1936974982165803e-16
9.310151195302139e-13
1.340933346162093e-17
1.3326254093417534e-19
7.931284905835492e-20
1.1497320548435422e-14
2.6167963986121256e-16
0.004528073244759569
1.492581041448198e-14
1.70423805809485e-16
0.00383955026864871
4.306404538025666e-06
3.6920877163994474e-09
1.612570145873092e-07
3.6301416315148487e-22
3.143286056849849e-22
2.200285903258902e-08
4.3896638566309493e-13
2.82123059072289e-17
3.574993523598467e-10
0.00034988717561344133
4.1401843454059414e-06
1.8540328204308018e-06
6.037429979873872e-08
1.2149788590795963e-12
6.635905789183835e-17
1.0954743157993298e-14
0.020175325079484552
0.03415979813377691
1.4843705860159756e-17
2.331364401636975e-17
0.005690927022838641
6.611999927802983e-11
1.3803859045001569e-14
1.4146167100412417e-14
1.9568354599675026e-09
1.8382993054208368e-22
3.184842839197447e-15
1.4129168744181583e-16
3.553607166771174e-23
1.5794759324734962e-13
1.8704343956093745e-18
2.887932210387098e-07
1.538481463337664e-07
2.18822090938724e-14
2.3543935842620097e-24
4.1077022349724954e-14
1.691342314590534e-24
3.505516088683985e-15
2.2498971246964206e-05
4.798365634911692e-11
1.2296212938769605e-28
3.5913467865849056e-20
2.1431303333635094e-16
1.5383311502406906e-10
4.3638888258144675e-08
6.157116896946412e-14
7.085152287077102e-31
5.821600372616892e-07
0.0009755845314953505
4.0955712747814616e-19
4.1669508131872555e-06
1.6211765480791388e-37
1.237432348555019e-07
2.309510116261057e-14
3.721943551335444e-07
0.0005901254412936387
5.2358047708081086e-21
2.2658885727104e-05
1.443156168521138e-14
0.0018787277856328597
2.297221387402021e-08
6.466509493658904e-17
1.2333192443548426e-09
1.0489023187082125e-06
3.10425468764323e-07
0.0013878937016768627
3.336205902627426e-17
0.008452364911638723
4.2726746238851793e-16
4.767792398806476e-10
5.397970514380368e-27
0.0008524832431547033
0.006915398842298839
9.742915135384664e-05
6.909033696294349e-16
7.124012520032735e-19
1.1624235823085108e-14
3.76021415866065e-08
8.184177607546048e-30
1.1265405218634601e-15
5.561894540586302e-26
1.7672693564806248e-13
0.04366306248608646
0.0038483109354934117
9.549827006752045e-14
2.634411037184401e-21
0.03322877501438271
2.2218113445171202e-17
1.2714177062390218e-07
3.0277805620279495e-15
1.088793231592705e-17
2.520209207970274e-13
0.0014778138640860958
1.0057870568703565e-18
4.450488118315011e-17
9.057624155776892e-10
0.007724779344185199
3.085895783077552e-19
7.780297203794695e-26
0.02608330315975294
3.742474570605841e-21
1.6618107734191963e-07
2.031088183239395e-17
2.084052291048488e-06
0.0016937657890281716
0.0005288555908834778
0.015386482236564795
8.893286196561428e-20
2.5412030090019256e-11
0.005909373907188245
5.147626062011502e-07
2.924883649422679e-23
5.6192381832924805e-24
0.0012961636488182742
1.671306787995975e-08
2.1160762930210367e-06
2.111774594350758e-30
0.005229048683668144
6.186386038646546e-07
6.719040667292783e-17
2.89259849429396e-11
1.9096263778635175e-15
0.07593530320012445
6.647437260960153e-10
4.1531986657276245e-05
6.118229874758272e-08
6.141212066510299e-07
7.696777259524954e-20
0.0026771895277508673
3.736277672463975e-15
9.241900589799963e-16
3.884742967832049e-08
3.908217660469566e-13
0.0051226853613864564
4.732915066782071e-13
2.9852791794883465e-05
2.3660418786501977e-08
2.7485760527465067e-12
1.2153990575901304e-16
1.9805168484075016e-11
3.903560313662631e-25
0.006616200286086901
6.623607608825951e-10
6.974246119236031e-05
1.686859765226074e-08
1.7523667303782103e-07
3.5056786493188194e-16
1.0660570288320348e-06
1.3548489896408388e-14
2.139121916580963e-18
2.208677889891205e-09
2.595202230690468e-10
1.0433318244034127e-11
4.6517404657405945e-20
6.39802173713663e-18
6.754745492514466e-06
4.568295276359766e-15
1.9447983008027554e-15
7.910132278001887e-19
5.644491647429241e-17
1.802753250129129e-11
3.6646931586206956e-21
1.5013777737223088e-16
5.829999428116116e-10
1.884061451630721e-05
8.889647401306043e-08
7.017576675236098e-07
3.59117314354246e-17
2.873185764961668e-11
8.252502612154844e-18
1.1334763373509054e-11
5.412526266537231e-07
6.423423753982653e-08
0.04511885241497082
7.681865512496058e-06
7.952266285445114e-08
7.888717389917886e-12
3.9712372057414e-15
5.209404878523743e-07
1.4297956621997984e-22
3.6013109805778405e-11
1.1716717894073939e-12
7.346664934307513e-22
0.024149456527901875
5.740356880070665e-13
5.47848494646139e-12
1.6039309015449198e-17
1.241233017893031e-25
2.1884074418641416e-12
4.0445096765490145e-06
1.7853297340472635e-13
1.9371424286778505e-16
2.0196252204440288e-14
9.037998633696163e-15
4.331573969552469e-29
1.216331409798558e-06
2.004949688203976e-16
5.082626913761276e-21
2.8239816356900804e-21
0.013191861968166074
1.022319684844334e-07
2.4284631627527613e-06
3.169188861739799e-07
3.340983133039839e-18
1.847775343237203e-22
1.7642772650091964e-18
9.356650386536148e-16
0.014471458697591519
2.36167336546583e-15
3.0469793474736333e-29
3.561260508280763e-08
1.2685710633125406e-16
1.0102078409592857e-05
4.22717727510663e-17
2.549188472378466e-17
5.713509204302439e-11
3.875165891381426e-17
1.485793753333912e-06
1.132403444126428e-05
0.041738743321471566
4.694301991994929e-14
4.068551123617208e-06
5.003080637733008e-08
6.134343072499247e-07
1.4770412580757956e-09
2.1121429399530477e-14
4.4161852836170224e-15
1.8959807941264578e-10
2.0305952990613745e-12
1.8852125828489333e-17
1.1128435620486703e-22
5.756986284110421e-14
1.322290180057351e-07
1.2343102287415893e-16
2.8006129907057854e-15
8.480534736628639e-13
2.7868630834310778e-08
0.025105803808461516
1.94926701180466e-06
1.176788362675001e-10
5.00034568061829e-21
1.6219860973412614e-10
2.5558955135089627e-10
9.336539220982179e-18
1.1761022802370835e-09
7.901163740014931e-08
1.0456562575923521e-16
0.00018513947445739646
9.505313907139184e-22
6.217782277926723e-07
9.540492587561621e-14
7.203724990770011e-14
4.993135571183236e-21
0.0295319141964217
2.34346226141671e-17
6.147602946989486e-20
1.0333574907917468e-26
0.023358010388101626
1.327796780824749e-09
1.6494168014362962e-28
3.55238128516431e-28
5.7050803234294254e-18
4.748944268598572e-22
3.2258459614702463e-15
5.942535438783762e-14
0.043740142113854324
